1817,EVENT_DETALE,Detale,Detarderous,1,50,0,0,0,1,7,10,0,5,1,1,1,1,6,30,10,12,1,3,21,0x83,400,1872,672,480,0,0,0,0,0,0,0,0,0,0,0,0,0,0,0,0,0,0,0,0,0,0,0,0,0,0,0,0

1845,TREASURE_BOX_1,Treasure Box,Treasure Box,1,50,0,0,0,1,7,10,0,5,1,1,1,1,6,30,10,12,1,3,21,0x83,400,1872,672,480,0,0,0,0,0,0,0,0,0,0,0,0,0,0,0,0,0,0,0,0,0,0,0,0,0,0,0,0
1846,EMPELIUM_2,Emperium,Emperium,1,50,0,0,0,1,7,10,0,5,1,1,1,1,6,30,10,12,1,3,21,0x83,400,1872,672,480,0,0,0,0,0,0,0,0,0,0,0,0,0,0,0,0,0,0,0,0,0,0,0,0,0,0,0,0
1847,G_PORING,Poring,Poring,1,50,0,0,0,1,7,10,0,5,1,1,1,1,6,30,10,12,1,3,21,0x83,400,1872,672,480,0,0,0,0,0,0,0,0,0,0,0,0,0,0,0,0,0,0,0,0,0,0,0,0,0,0,0,0
1848,G_BAPHOMET,Baphomet,Baphomet,1,50,0,0,0,1,7,10,0,5,1,1,1,1,6,30,10,12,1,3,21,0x83,400,1872,672,480,0,0,0,0,0,0,0,0,0,0,0,0,0,0,0,0,0,0,0,0,0,0,0,0,0,0,0,0
1849,G_OSIRIS,Osiris,Osiris,1,50,0,0,0,1,7,10,0,5,1,1,1,1,6,30,10,12,1,3,21,0x83,400,1872,672,480,0,0,0,0,0,0,0,0,0,0,0,0,0,0,0,0,0,0,0,0,0,0,0,0,0,0,0,0
1850,G_ORK_HERO,Orc Hero,Orc Hero,1,50,0,0,0,1,7,10,0,5,1,1,1,1,6,30,10,12,1,3,21,0x83,400,1872,672,480,0,0,0,0,0,0,0,0,0,0,0,0,0,0,0,0,0,0,0,0,0,0,0,0,0,0,0,0
1851,G_MOBSTER,Mobster,Mobster,1,50,0,0,0,1,7,10,0,5,1,1,1,1,6,30,10,12,1,3,21,0x83,400,1872,672,480,0,0,0,0,0,0,0,0,0,0,0,0,0,0,0,0,0,0,0,0,0,0,0,0,0,0,0,0
1852,EM_ANGELING,Angeling,Angeling,1,50,0,0,0,1,7,10,0,5,1,1,1,1,6,30,10,12,1,3,21,0x83,400,1872,672,480,0,0,0,0,0,0,0,0,0,0,0,0,0,0,0,0,0,0,0,0,0,0,0,0,0,0,0,0
1853,EM_DEVILING,Deviling,Deviling,1,50,0,0,0,1,7,10,0,5,1,1,1,1,6,30,10,12,1,3,21,0x83,400,1872,672,480,0,0,0,0,0,0,0,0,0,0,0,0,0,0,0,0,0,0,0,0,0,0,0,0,0,0,0,0
1854,G_MUKA,Muka,Muka,1,50,0,0,0,1,7,10,0,5,1,1,1,1,6,30,10,12,1,3,21,0x83,400,1872,672,480,0,0,0,0,0,0,0,0,0,0,0,0,0,0,0,0,0,0,0,0,0,0,0,0,0,0,0,0
1855,G_POISON_SPORE_,Poison Spore,Poison Spore,1,50,0,0,0,1,7,10,0,5,1,1,1,1,6,30,10,12,1,3,21,0x83,400,1872,672,480,0,0,0,0,0,0,0,0,0,0,0,0,0,0,0,0,0,0,0,0,0,0,0,0,0,0,0,0
1856,G_MAGNOLIA,Magnolia,Magnolia,1,50,0,0,0,1,7,10,0,5,1,1,1,1,6,30,10,12,1,3,21,0x83,400,1872,672,480,0,0,0,0,0,0,0,0,0,0,0,0,0,0,0,0,0,0,0,0,0,0,0,0,0,0,0,0
1857,G_MARIN_,Marin,Marin,1,50,0,0,0,1,7,10,0,5,1,1,1,1,6,30,10,12,1,3,21,0x83,400,1872,672,480,0,0,0,0,0,0,0,0,0,0,0,0,0,0,0,0,0,0,0,0,0,0,0,0,0,0,0,0
1858,G_PLANKTON,Plankton,Plankton,1,50,0,0,0,1,7,10,0,5,1,1,1,1,6,30,10,12,1,3,21,0x83,400,1872,672,480,0,0,0,0,0,0,0,0,0,0,0,0,0,0,0,0,0,0,0,0,0,0,0,0,0,0,0,0
1859,G_MANDRAGORA_,Mandragora,Mandragora,1,50,0,0,0,1,7,10,0,5,1,1,1,1,6,30,10,12,1,3,21,0x83,400,1872,672,480,0,0,0,0,0,0,0,0,0,0,0,0,0,0,0,0,0,0,0,0,0,0,0,0,0,0,0,0
1860,G_COCO,Coco,Coco,1,50,0,0,0,1,7,10,0,5,1,1,1,1,6,30,10,12,1,3,21,0x83,400,1872,672,480,0,0,0,0,0,0,0,0,0,0,0,0,0,0,0,0,0,0,0,0,0,0,0,0,0,0,0,0
1861,G_CHOCO,Choco,Choco,1,50,0,0,0,1,7,10,0,5,1,1,1,1,6,30,10,12,1,3,21,0x83,400,1872,672,480,0,0,0,0,0,0,0,0,0,0,0,0,0,0,0,0,0,0,0,0,0,0,0,0,0,0,0,0
1862,G_MARTIN,Martin,Martin,1,50,0,0,0,1,7,10,0,5,1,1,1,1,6,30,10,12,1,3,21,0x83,400,1872,672,480,0,0,0,0,0,0,0,0,0,0,0,0,0,0,0,0,0,0,0,0,0,0,0,0,0,0,0,0
1863,G_SPRING_RABBIT,Spring Rabbit,Spring Rabbit,1,50,0,0,0,1,7,10,0,5,1,1,1,1,6,30,10,12,1,3,21,0x83,400,1872,672,480,0,0,0,0,0,0,0,0,0,0,0,0,0,0,0,0,0,0,0,0,0,0,0,0,0,0,0,0

1876,G_LORD_OF_DEATH,Lord of Death,Lord of the Dead,1,50,0,0,0,1,7,10,0,5,1,1,1,1,6,30,10,12,1,3,21,0x83,400,1872,672,480,0,0,0,0,0,0,0,0,0,0,0,0,0,0,0,0,0,0,0,0,0,0,0,0,0,0,0,0
1877,G_CRYSTAL,Crystal,Crystal,1,50,0,0,0,1,7,10,0,5,1,1,1,1,6,30,10,12,1,3,21,0x83,400,1872,672,480,0,0,0,0,0,0,0,0,0,0,0,0,0,0,0,0,0,0,0,0,0,0,0,0,0,0,0,0
1878,G_SHINING_PLANT,Shining Plant,Shining Plant,1,50,0,0,0,1,7,10,0,5,1,1,1,1,6,30,10,12,1,3,21,0x83,400,1872,672,480,0,0,0,0,0,0,0,0,0,0,0,0,0,0,0,0,0,0,0,0,0,0,0,0,0,0,0,0

1880,WOOD_GOBLIN,Wood Goblin,Leshij,42,6982,0,2201,1552,1,600,750,32,3,1,42,48,43,63,42,10,12,1,3,62,0x81,100,288,288,288,0,0,0,0,0,0,0,0,0,0,0,0,0,0,0,0,0,0,0,0,0,0,0,0,0,0,0,0
1881,LES,Mavka,Mavka,39,3080,0,1521,912,1,300,600,0,17,1,39,12,32,58,39,10,12,1,3,82,0x81,100,288,288,288,0,0,0,0,0,0,0,0,0,0,0,0,0,0,0,0,0,0,0,0,0,0,0,0,0,0,0,0
1882,VAVAYAGA,Babayaga,Baba-Yaga,49,7444,0,2583,2583,1,550,1100,4,29,1,49,24,88,73,49,10,12,1,7,21,0x3295,100,288,288,288,0,0,0,0,0,0,0,0,0,0,0,0,0,0,0,0,0,0,0,0,0,0,0,0,0,0,0,0
1883,UZHAS,Uzdas,Kikimora,61,13707,0,4002,3003,1,700,1400,11,34,1,61,19,72,91,61,10,12,1,7,61,0x3295,100,288,288,288,0,0,0,0,0,0,0,0,0,0,0,0,0,0,0,0,0,0,0,0,0,0,0,0,0,0,0,0
1884,MAVKA,Lesavka,Lesavka,63,19200,0,8301,6353,9,1500,3000,32,19,1,63,57,34,126,63,10,12,1,3,62,0x3295,100,288,288,288,0,0,0,0,0,0,0,0,0,0,0,0,0,0,0,0,0,0,0,0,0,0,0,0,0,0,0,0
1885,GOPINICH,Gorynych,Zmey Gorynych,85,299321,0,33937,7941,3,3500,7000,20,42,1,85,56,102,170,85,10,12,2,2,62,0x37B5,120,288,288,288,16968,10000,607,5500,603,5000,603,5000,0,0,0,0,0,0,0,0,0,0,0,0,0,0,0,0,0,0,0,0
1886,G_MAVKA,Lesavka,Lesavka,63,19200,0,0,0,9,1500,3000,32,19,1,63,57,34,126,63,10,12,1,3,62,0x3295,100,288,288,288,0,0,0,0,0,0,0,0,0,0,0,0,0,0,0,0,0,0,0,0,0,0,0,0,0,0,0,0

1887,G_FREEZER__,Freezer,Freezer,1,50,0,0,0,1,7,10,0,5,1,1,1,1,6,30,10,12,1,3,21,0x83,400,1872,672,480,0,0,0,0,0,0,0,0,0,0,0,0,0,0,0,0,0,0,0,0,0,0,0,0,0,0,0,0
1888,G_GARM_BABY__,Garm Baby,Garm Baby,1,50,0,0,0,1,7,10,0,5,1,1,1,1,6,30,10,12,1,3,21,0x83,400,1872,672,480,0,0,0,0,0,0,0,0,0,0,0,0,0,0,0,0,0,0,0,0,0,0,0,0,0,0,0,0
1889,G_GARM,Garm,Garm,1,50,0,0,0,1,7,10,0,5,1,1,1,1,6,30,10,12,1,3,21,0x83,400,1872,672,480,0,0,0,0,0,0,0,0,0,0,0,0,0,0,0,0,0,0,0,0,0,0,0,0,0,0,0,0
1890,G_GOPINICH,Gopinich,Gopinich,1,50,0,0,0,1,7,10,0,5,1,1,1,1,6,30,10,12,1,3,21,0x83,400,1872,672,480,0,0,0,0,0,0,0,0,0,0,0,0,0,0,0,0,0,0,0,0,0,0,0,0,0,0,0,0
1891,G_RANDGRIS,Randgris,Valkyrie Randgris,1,50,0,0,0,1,7,10,0,5,1,1,1,1,6,30,10,12,1,3,21,0x83,400,1872,672,480,0,0,0,0,0,0,0,0,0,0,0,0,0,0,0,0,0,0,0,0,0,0,0,0,0,0,0,0
1892,G_LOLI_RURI,Loli Ruri,Loli Ruri,1,50,0,0,0,1,7,10,0,5,1,1,1,1,6,30,10,12,1,3,21,0x83,400,1872,672,480,0,0,0,0,0,0,0,0,0,0,0,0,0,0,0,0,0,0,0,0,0,0,0,0,0,0,0,0
1893,G_KNIGHT_OF_ABYSS,Knight of Abyss,Abysmal Knight,1,50,0,0,0,1,7,10,0,5,1,1,1,1,6,30,10,12,1,3,21,0x83,400,1872,672,480,0,0,0,0,0,0,0,0,0,0,0,0,0,0,0,0,0,0,0,0,0,0,0,0,0,0,0,0
1894,POURING,Pouring,Pouring,1,50,0,0,0,1,7,10,0,5,1,1,1,1,6,30,10,12,1,3,21,0x83,400,1872,672,480,0,0,0,0,0,0,0,0,0,0,0,0,0,0,0,0,0,0,0,0,0,0,0,0,0,0,0,0
1895,A_SEYREN,Seyren,Seyren Windsor,1,50,0,0,0,1,7,10,0,5,1,1,1,1,6,30,10,12,1,3,21,0x83,400,1872,672,480,0,0,0,0,0,0,0,0,0,0,0,0,0,0,0,0,0,0,0,0,0,0,0,0,0,0,0,0
1896,A_KATRINN,Katrinn,Kathryne Keyron,1,50,0,0,0,1,7,10,0,5,1,1,1,1,6,30,10,12,1,3,21,0x83,400,1872,672,480,0,0,0,0,0,0,0,0,0,0,0,0,0,0,0,0,0,0,0,0,0,0,0,0,0,0,0,0
1897,G_BAPHOMET__,Baphomet,Baphomet,1,50,0,0,0,1,7,10,0,5,1,1,1,1,6,30,10,12,1,3,21,0x83,400,1872,672,480,0,0,0,0,0,0,0,0,0,0,0,0,0,0,0,0,0,0,0,0,0,0,0,0,0,0,0,0
1898,G_ZOMBIE_,Zombie,Zombie,1,50,0,0,0,1,7,10,0,5,1,1,1,1,6,30,10,12,1,3,21,0x83,400,1872,672,480,0,0,0,0,0,0,0,0,0,0,0,0,0,0,0,0,0,0,0,0,0,0,0,0,0,0,0,0
1899,G_KNIGHT_GUARDIAN,Knight Guardian,Knight Guardian,1,50,0,0,0,1,7,10,0,5,1,1,1,1,6,30,10,12,1,3,21,0x20A5,400,1872,672,480,0,0,0,0,0,0,0,0,0,0,0,0,0,0,0,0,0,0,0,0,0,0,0,0,0,0,0,0
1900,G_ARCHER_GUARDIAN,Archer Guardian,Archer Guardian,1,50,0,0,0,1,7,10,0,5,1,1,1,1,6,30,10,12,1,3,21,0x20A5,400,1872,672,480,0,0,0,0,0,0,0,0,0,0,0,0,0,0,0,0,0,0,0,0,0,0,0,0,0,0,0,0
1901,G_CONDOR,Condor,Condor,1,50,0,0,0,1,7,10,0,5,1,1,1,1,6,30,10,12,1,3,21,0x83,400,1872,672,480,0,0,0,0,0,0,0,0,0,0,0,0,0,0,0,0,0,0,0,0,0,0,0,0,0,0,0,0
1902,TREASURE_BOX_2,Treasure Box,Treasure Box,1,50,0,0,0,1,7,10,0,5,1,1,1,1,6,30,10,12,1,3,21,0x120,400,1872,672,480,0,0,0,0,0,0,0,0,0,0,0,0,0,0,0,0,0,0,0,0,0,0,0,0,0,0,0,0
1903,TREASURE_BOX_3,Treasure Box,Treasure Box,1,50,0,0,0,1,7,10,0,5,1,1,1,1,6,30,10,12,1,3,21,0x120,400,1872,672,480,0,0,0,0,0,0,0,0,0,0,0,0,0,0,0,0,0,0,0,0,0,0,0,0,0,0,0,0
1904,BOMBPORING,Bomb Poring,Bomb Poring,1,50,0,0,0,1,7,10,0,5,1,1,1,1,6,30,10,12,1,3,21,0x83,400,1872,672,480,0,0,0,0,0,0,0,0,0,0,0,0,0,0,0,0,0,0,0,0,0,0,0,0,0,0,0,0
1905,BARRICADE,Barricade,Barricade,1,50,0,0,0,1,7,10,0,5,1,1,1,1,6,30,10,12,1,3,21,0x120,400,1872,672,480,0,0,0,0,0,0,0,0,0,0,0,0,0,0,0,0,0,0,0,0,0,0,0,0,0,0,0,0
1906,BARRICADE_,Barricade,Barricade,1,50,0,0,0,1,7,10,0,5,1,1,1,1,6,30,10,12,1,3,21,0x120,400,1872,672,480,0,0,0,0,0,0,0,0,0,0,0,0,0,0,0,0,0,0,0,0,0,0,0,0,0,0,0,0
1907,S_EMPEL_1,Emperium,Emperium,1,50,0,0,0,1,7,10,0,5,1,1,1,1,6,30,10,12,1,3,21,0x120,400,1872,672,480,0,0,0,0,0,0,0,0,0,0,0,0,0,0,0,0,0,0,0,0,0,0,0,0,0,0,0,0
1908,S_EMPEL_2,Emperium,Emperium,1,50,0,0,0,1,7,10,0,5,1,1,1,1,6,30,10,12,1,3,21,0x120,400,1872,672,480,0,0,0,0,0,0,0,0,0,0,0,0,0,0,0,0,0,0,0,0,0,0,0,0,0,0,0,0
1909,OBJ_A,Flag,Flag,1,50,0,0,0,1,7,10,0,5,1,1,1,1,6,30,10,12,1,3,21,0x120,400,1872,672,480,0,0,0,0,0,0,0,0,0,0,0,0,0,0,0,0,0,0,0,0,0,0,0,0,0,0,0,0
1910,OBJ_B,Flag,Flag,1,50,0,0,0,1,7,10,0,5,1,1,1,1,6,30,10,12,1,3,21,0x120,400,1872,672,480,0,0,0,0,0,0,0,0,0,0,0,0,0,0,0,0,0,0,0,0,0,0,0,0,0,0,0,0
1911,OBJ_NEUTRAL,Flag,Flag,1,50,0,0,0,1,7,10,0,5,1,1,1,1,6,30,10,12,1,3,21,0x120,400,1872,672,480,0,0,0,0,0,0,0,0,0,0,0,0,0,0,0,0,0,0,0,0,0,0,0,0,0,0,0,0
1912,OBJ_FLAG_A,Flag,Flag,1,50,0,0,0,1,7,10,0,5,1,1,1,1,6,30,10,12,1,3,21,0x120,400,1872,672,480,0,0,0,0,0,0,0,0,0,0,0,0,0,0,0,0,0,0,0,0,0,0,0,0,0,0,0,0
1913,OBJ_FLAG_B,Flag,Flag,1,50,0,0,0,1,7,10,0,5,1,1,1,1,6,30,10,12,1,3,21,0x120,400,1872,672,480,0,0,0,0,0,0,0,0,0,0,0,0,0,0,0,0,0,0,0,0,0,0,0,0,0,0,0,0
//These two are commented in the real DB
1914,OBJ_A2,Flag,Flag,1,50,0,0,0,1,7,10,0,5,1,1,1,1,6,30,10,12,1,3,21,0x120,400,1872,672,480,0,0,0,0,0,0,0,0,0,0,0,0,0,0,0,0,0,0,0,0,0,0,0,0,0,0,0,0
1915,OBJ_B2,Flag,Flag,1,50,0,0,0,1,7,10,0,5,1,1,1,1,6,30,10,12,1,3,21,0x120,400,1872,672,480,0,0,0,0,0,0,0,0,0,0,0,0,0,0,0,0,0,0,0,0,0,0,0,0,0,0,0,0
//end comment
1963,P_CHUNG_E,Chung E,New Year Doll,49,23900,0,2396,993,1,460,1050,8,15,38,65,43,30,90,15,10,12,1,7,40,0x3695,170,1728,816,1188,0,0,0,0,0,0,0,0,7053,4850,740,100,1806,10,518,500,0,0,0,0,0,0,5042,2,0,0,0,0

//mobdb2 mobs for lunar new years
//Lunar New Year 2008 Event Monster overrides
//Uncomment if event is enabled, as these drops modifications are nessecary.(These are commented unless they're being used)
1145,MARTIN,Martin,Martin,18,1109,0,134,86,1,52,63,0,5,12,18,30,15,15,5,10,12,0,2,42,0x81,300,1480,480,480,0,0,0,0,0,0,0,0,1017,9000,1018,500,1251,10,2225,5,5009,1,10010,10,2224,15,7869,1500,0,0,4046,1
1175,TAROU,Tarou,Tarou,11,284,0,57,28,1,34,45,0,0,1,20,11,10,24,5,10,12,0,2,27,0x91,150,1744,1044,684,0,0,0,0,0,0,0,0,1016,9000,919,3000,949,800,528,1000,701,2,7869,2500,0,0,0,0,0,0,4028,1
1209,CRAMP,Cramp,Cramp,56,4720,0,2300,1513,1,395,465,0,5,1,85,35,5,65,60,10,12,0,2,45,0x3095,100,1000,500,1000,0,0,0,0,0,0,0,0,7007,4656,528,1000,726,80,746,110,568,250,510,70,984,95,7869,1500,0,0,4296,1
//end comment

//St. Patricks 2008 Eent Monster overrides
//Uncomment if event is enabled, as these drops modifications are nessecary.
1841,G_SNAKE_,Snake Lord's Minon,Snake Lord's Minon,15,471,0,72,48,1,46,55,0,0,1,15,15,10,35,5,10,12,1,2,22,0x81,200,1576,576,576,0,0,0,0,0,0,0,0,7915,1000,7916,100,7720,30,12715,7,0,0,0,0,0,0,0,0,0,0,0,0
1842,G_ANACONDAQ_,Snake Lord's Minon,Snake Lord's Minon,23,1109,0,300,149,1,124,157,0,0,1,23,28,10,36,5,10,12,1,2,25,0x91,200,1576,576,576,0,0,0,0,0,0,0,0,7915,1000,7916,100,7720,30,12715,7,0,0,0,0,0,0,0,0,0,0,0,0
1843,SIDE_WINDER_,Snake Lord's Minon,Snake Lord's Minon,43,4929,0,1996,993,1,240,320,5,10,38,43,40,15,115,20,10,12,1,2,25,0x3095,200,1576,576,576,0,0,0,0,0,0,0,0,7915,1000,7916,100,7720,30,12715,7,0,0,0,0,0,0,0,0,0,0,0,0
1844,G_ISIS_,Snake Lord's Minon,Snake Lord's Minon,47,7003,0,3709,1550,1,423,507,10,35,38,65,43,50,66,15,10,12,2,6,27,0x3195,200,1384,768,336,0,0,0,0,0,0,0,0,7915,1000,7916,100,7720,30,12715,8,0,0,0,0,0,0,0,0,0,0,0,0

1098,ANUBIS,Anubis,Anubis,75,38000,0,28000,22000,1,530,1167,35,31,5,65,10,82,77,33,10,12,2,7,49,0x3695,150,1250,728,576,0,0,0,0,0,0,0,0,930,3000,1045,4365,7054,500,985,20,724,50,1625,10,0,0,0,0,0,0,4138,1
1148,MEDUSA,Medusa,Medusa,79,16408,0,6876,4697,1,827,1100,28,18,1,74,50,57,77,69,10,12,1,6,40,0x3795,180,1720,1320,360,0,0,0,0,0,0,0,0,1048,5335,1965,250,702,200,1973,20,722,250,967,3500,1007,3,0,0,0,0,4124,1
1150,MOONLIGHT,Moonlight Flower,Moonlight Flower,67,120000,0,27500,14300,1,1200,1700,10,55,55,99,55,82,95,120,10,12,1,6,63,0x37B5,150,1276,576,288,13750,10000,1022,5000,504,1500,728,500,1477,500,1234,100,1525,150,10008,500,638,650,985,2600,984,1900,0,0,0,0,4131,1
1189,ORC_ARCHER,Orc Archer,Orc Archer,49,7440,0,1729,1787,9,310,390,10,5,1,44,25,20,125,20,10,12,1,7,22,0x3095,300,1960,620,480,0,0,0,0,0,0,0,0,1063,4656,1753,1000,1756,2500,1755,2500,1734,2,507,1400,509,900,0,0,0,0,4256,1
1219,KNIGHT_OF_ABYSS,Knight of Abyss,Abysmal Knight,79,36140,0,8469,6268,1,1600,2150,55,50,66,68,64,25,135,50,10,12,2,7,87,0x3695,300,1500,500,1000,0,0,0,0,0,0,0,0,1064,5335,7023,5,2318,1,1420,5,1162,1,985,369,984,259,0,0,0,0,4140,1
1262,MUTANT_DRAGON,Mutant Dragon,Mutant Dragonoid,65,62600,0,4730,3536,4,2400,3400,15,20,75,47,30,68,45,35,10,12,2,9,43,0x37B5,250,1280,1080,240,0,0,0,0,0,0,0,0,7054,4850,1035,500,1036,500,930,500,1559,400,7296,1500,2527,50,0,0,0,0,4203,1
1268,BLOODY_KNIGHT,Bloody Knight,Bloody Knight,82,57870,0,10120,6820,3,2150,3030,60,50,88,75,70,77,125,55,10,12,2,0,87,0x3695,250,828,528,192,0,0,0,0,0,0,0,0,7054,4850,2229,45,2317,5,2125,62,1170,1,1417,2,985,433,0,0,0,0,4320,1
1292,MINI_DEMON,Mini Demon,Mini Demon,68,32538,0,8396,3722,1,1073,1414,30,25,5,75,40,55,89,42,10,12,0,6,27,0x3795,150,1000,600,384,0,0,0,0,0,0,0,0,1038,4413,1039,450,2255,3,757,160,912,2500,1009,10,1478,5,0,0,0,0,4204,1
1366,LAVA_GOLEM,Lava Golem,Lava Golem,77,24324,0,6470,3879,1,1541,2049,65,50,1,57,115,70,76,68,10,12,2,0,83,0x3095,400,2190,2040,336,0,0,0,0,0,0,0,0,7096,4559,7097,3686,2317,1,2316,2,509,2500,1818,20,0,0,0,0,0,0,4184,1
1371,FAKE_ANGEL,Fake Angel,False Angel,65,16845,0,3371,1949,2,513,682,50,35,1,64,57,70,61,88,10,12,0,8,66,0x3885,160,920,720,336,0,0,0,0,0,0,0,0,0,0,0,0,717,1000,715,1000,716,1000,12020,1000,1974,20,0,0,0,0,4316,1
1376,HARPY,Harpy,Harpy,70,16599,0,3562,2133,1,926,1231,42,44,1,112,72,67,74,76,10,12,1,6,64,0x3985,155,972,672,470,0,0,0,0,0,0,0,0,7115,4850,7116,2500,508,1500,508,800,709,20,1820,20,0,0,0,0,0,0,4325,1
1377,ELDER,Elder,Elder,64,21592,0,5650,3408,3,421,560,45,68,1,76,68,108,72,86,10,12,2,7,80,0x91,165,1552,1152,336,0,0,0,0,0,0,0,0,7099,4000,7117,1500,7118,1500,1564,10,1473,1,616,1,7027,3000,0,0,0,0,4251,1
1390,VIOLY,Violy,Violy,75,18257,0,6353,3529,10,738,982,37,36,1,93,54,58,101,83,10,12,1,7,40,0x2085,170,1356,1056,540,0,0,0,0,0,0,0,0,1060,6305,12127,50,740,1200,1919,50,526,1400,12020,1000,1902,500,0,0,0,0,4209,1
1406,KAPHA,Kapha,Kapha,41,7892,0,2278,1552,3,399,719,20,38,1,51,49,22,73,45,10,12,1,5,21,0x3885,165,2012,1728,672,0,0,0,0,0,0,0,0,7149,6500,7053,3500,13304,20,521,2300,708,2,1915,10,13008,5,0,0,0,0,4287,1
1506,DISGUISE,Disguise,Disguise,55,7543,0,2815,1919,2,279,546,18,29,0,72,45,35,48,65,10,12,1,6,82,0x3985,147,516,768,384,0,0,0,0,0,0,0,0,7216,4850,7221,3686,2502,50,518,100,2508,50,2504,2,2529,5,0,0,0,0,4181,1
1630,BACSOJIN_,Bacsojin,White Lady,85,253221,0,45250,16445,3,1868,6124,20,55,52,65,44,112,152,35,10,12,2,7,64,0x39A5,130,576,960,480,22625,10000,607,5500,2513,2000,617,5000,1020,5500,603,5000,617,3000,7165,3000,7166,1000,2700,10,0,0,2234,10,0,0,4372,1
1692,BREEZE,Breeze,Breeze,56,5099,0,2390,1340,2,94,215,7,32,1,96,6,38,91,45,10,12,1,0,64,0x3885,100,140,384,504,0,0,0,0,0,0,0,0,945,500,706,10,2270,10,1733,10,604,10,2269,10,996,10,0,0,0,0,4390,1
1713,ACIDUS,Acidus,Acidus,80,51112,0,28043,8023,2,1289,2109,29,69,1,71,55,135,103,69,10,12,2,9,46,0x3095,170,168,1008,300,0,0,0,0,0,0,0,0,582,5100,1035,4000,7444,5,1036,3589,7448,800,1269,10,2114,50,0,0,0,0,4378,1
1735,ALICEL,Alicel,Alicel,75,37520,0,8890,5420,2,1800,2770,30,30,50,58,50,51,92,40,10,12,1,6,60,0x318D,250,1080,480,504,0,0,0,0,0,0,0,0,7512,2000,7507,3000,999,200,7317,500,1270,5,985,10,2517,20,0,0,0,0,4401,1
1736,ALIOT,Aliot,Aliot,75,48290,0,13020,4006,2,950,2470,35,15,50,32,87,12,68,19,10,12,1,6,60,0x318D,200,1296,432,360,0,0,0,0,0,0,0,0,7512,2000,7507,3000,2516,10,7317,500,1408,10,985,10,13405,15,0,0,0,0,4402,1
1737,ALIZA,Aliza,Aliza,69,19000,0,6583,3400,1,750,1100,8,5,74,74,52,35,110,140,10,12,1,7,60,0x91,220,1440,576,600,0,0,0,0,0,0,0,0,7054,4000,2518,10,2626,10,7047,5,12128,50,661,1,2123,5,0,0,0,0,4400,1
1752,SKOGUL,Skogul,Skogul,70,87544,0,27620,10,2,1110,1930,20,15,1,69,70,50,67,52,10,12,1,6,67,0x3395,190,720,384,480,0,0,0,0,0,0,0,0,7511,3500,7054,1000,716,1000,739,500,2609,100,757,500,1271,5,0,0,0,0,4404,1
1754,SKEGGIOLD,Skeggiold,Skeggiold,81,295200,0,91100,10,1,1400,2020,12,24,80,100,50,72,90,50,10,12,0,8,46,0x37B5,250,672,780,480,0,0,0,0,0,0,0,0,7511,6000,2254,1,7063,1000,2001,25,7511,1000,2322,100,2353,100,2001,5,0,0,4406,1
1768,GLOOMUNDERNIGHT,Gloom Under Night,Gloom Under Night,89,2298000,0,962175,276445,3,5880,9516,10,20,100,115,98,78,111,50,10,12,2,0,68,0x37B5,200,1344,2880,576,481087,10000,607,5500,617,5000,617,5000,7566,7000,7023,4000,7022,2000,616,5000,2513,1000,1377,100,0,0,0,0,0,0,4408,1
1770,ECHIO,Echio,Echio,69,34900,0,13560,4300,1,750,1800,33,11,74,74,52,35,59,56,10,12,1,7,80,0x3295,250,768,360,360,0,0,0,0,0,0,0,0,7567,2500,608,10,7563,4000,5172,50,12183,20,7563,100,2366,20,0,0,0,0,4410,1
1773,HODREMLIN,Hodremlin,Hodremlin,61,12180,0,6782,2022,1,845,1678,29,25,80,41,81,56,62,11,10,12,1,6,67,0x3985,140,960,528,432,0,0,0,0,0,0,0,0,587,1000,7340,1000,2406,2,938,1000,7563,1000,1061,2000,2426,10,0,0,0,0,4413,1
1774,SEEKER,Seeker,Seeker,65,10090,0,5671,4278,6,723,852,17,30,60,52,34,143,107,27,10,12,0,0,64,0x3295,190,576,432,300,0,0,0,0,0,0,0,0,587,1000,7340,1000,985,20,1061,4000,7563,1000,1375,20,0,0,0,0,0,0,4414,1
1778,GAZETI,Gazeti,Gazeti,55,12300,0,5758,2075,10,512,612,65,25,1,12,20,60,101,5,10,12,1,6,21,0x3395,190,576,370,270,0,0,0,0,0,0,0,0,7561,3000,7066,3000,985,20,1731,1,0,0,0,0,0,0,0,0,0,0,4418,1
1782,ROWEEN,Roween,Roween,31,5716,0,1669,1266,1,298,377,0,7,51,39,48,18,67,19,10,12,1,2,24,0x108B,200,412,840,300,0,0,0,0,0,0,0,0,7564,3000,919,3000,992,50,1822,2,0,0,0,0,0,0,1822,3,0,0,4422,1
1783,GALION,Galion,Galion,44,32240,0,10020,3368,1,336,441,11,12,51,52,59,25,72,32,10,12,1,2,44,0x11AB,150,864,624,360,0,0,0,0,0,0,0,0,7564,3000,919,3000,996,10,2531,5,0,0,0,0,0,0,0,0,0,0,4423,1
1784,STAPO,Stapo,Stapo,23,666,0,332,221,1,135,370,90,5,12,11,15,12,23,1,10,12,0,0,42,0x83,300,936,792,432,0,0,0,0,0,0,0,0,909,1000,7312,1000,512,1000,7126,100,993,10,1821,3,0,0,0,0,0,0,4424,1
1785,ATROCE,Atroce,Atroce,82,1008420,0,295550,118895,2,2526,3646,25,25,100,87,30,49,89,72,10,12,2,2,67,0x37B5,150,576,600,240,147775,10000,607,5500,617,5000,617,5000,7563,7000,608,1000,2621,1000,617,5000,607,5000,5123,100,1175,100,0,0,0,0,4425,1
1818,EVENT_ALARM_,Alarm,Alarm,1,50,0,0,0,1,7,10,0,5,1,1,1,1,6,30,10,12,1,3,21,0x83,400,1872,672,480,0,0,0,0,0,0,0,0,0,0,0,0,0,0,0,0,0,0,0,0,0,0,0,0,0,0,0,0
1819,EVENT_BATHORY_,Bathory,Bathory,1,50,0,0,0,1,7,10,0,5,1,1,1,1,6,30,10,12,1,3,21,0x83,400,1872,672,480,0,0,0,0,0,0,0,0,0,0,0,0,0,0,0,0,0,0,0,0,0,0,0,0,0,0,0,0
1820,EVENT_BIGFOOT_,Bigfoot,Bigfoot,1,50,0,0,0,1,7,10,0,5,1,1,1,1,6,30,10,12,1,3,21,0x83,400,1872,672,480,0,0,0,0,0,0,0,0,0,0,0,0,0,0,0,0,0,0,0,0,0,0,0,0,0,0,0,0
1821,EVENT_DESERT_WOLF_,Desert Wolf,Desert Wolf,1,50,0,0,0,1,7,10,0,5,1,1,1,1,6,30,10,12,1,3,21,0x83,400,1872,672,480,0,0,0,0,0,0,0,0,0,0,0,0,0,0,0,0,0,0,0,0,0,0,0,0,0,0,0,0
1822,EVENT_DEVIRUCHI_,Deviruchi,Deviruchi,1,50,0,0,0,1,7,10,0,5,1,1,1,1,6,30,10,12,1,3,21,0x83,400,1872,672,480,0,0,0,0,0,0,0,0,0,0,0,0,0,0,0,0,0,0,0,0,0,0,0,0,0,0,0,0
1823,EVENT_FREEZER_,Freezer,Freezer,1,50,0,0,0,1,7,10,0,5,1,1,1,1,6,30,10,12,1,3,21,0x83,400,1872,672,480,0,0,0,0,0,0,0,0,0,0,0,0,0,0,0,0,0,0,0,0,0,0,0,0,0,0,0,0
1824,EVENT_GARM_BABY_,Garm Baby,Garm Baby,1,50,0,0,0,1,7,10,0,5,1,1,1,1,6,30,10,12,1,3,21,0x83,400,1872,672,480,0,0,0,0,0,0,0,0,0,0,0,0,0,0,0,0,0,0,0,0,0,0,0,0,0,0,0,0
1825,EVENT_GOBLINE_XMAS_,Chistmas Goblin,Chistmas Goblin,1,50,0,0,0,1,7,10,0,5,1,1,1,1,6,30,10,12,1,3,21,0x83,400,1872,672,480,0,0,0,0,0,0,0,0,0,0,0,0,0,0,0,0,0,0,0,0,0,0,0,0,0,0,0,0
1826,EVENT_MYST_,Myst,Myst,1,50,0,0,0,1,7,10,0,5,1,1,1,1,6,30,10,12,1,3,21,0x83,400,1872,672,480,0,0,0,0,0,0,0,0,0,0,0,0,0,0,0,0,0,0,0,0,0,0,0,0,0,0,0,0
1827,EVENT_SASQUATCH_,Sasquatch,Sasquatch,1,50,0,0,0,1,7,10,0,5,1,1,1,1,6,30,10,12,1,3,21,0x83,400,1872,672,480,0,0,0,0,0,0,0,0,0,0,0,0,0,0,0,0,0,0,0,0,0,0,0,0,0,0,0,0
1828,EVENT_GULLINBURSTI_,Gullinbrusti,Gullinbrusti,1,50,0,0,0,1,7,10,0,5,1,1,1,1,6,30,10,12,1,3,21,0x83,400,1872,672,480,0,0,0,0,0,0,0,0,0,0,0,0,0,0,0,0,0,0,0,0,0,0,0,0,0,0,0,0
1829,SWORD_GUARDIAN,Sword Guardian,Sword Master,86,152533,0,155013,122604,2,7590,9140,60,33,1,40,54,65,125,65,14,16,2,7,80,0x37B5,170,140,384,288,0,0,0,0,0,0,0,0,7069,3000,1370,30,1163,50,1168,1,2122,10,1176,50,0,0,0,0,0,0,4427,1
1830,BOW_GUARDIAN,Bow Guardian,Bow Master,80,80404,0,50149,23006,12,1840,2520,40,62,1,80,33,90,165,55,14,16,2,7,80,0x37B5,170,76,384,288,0,0,0,0,0,0,0,0,7069,3000,1723,30,1701,50,2367,20,2701,4,0,0,0,0,2367,5,2701,2,4428,1
1831,SALAMANDER,Salamander,Salamander,91,97934,0,72000,55000,2,7590,10860,65,50,1,55,44,45,180,25,10,12,2,0,63,0x37B5,160,140,384,288,0,0,0,0,0,0,0,0,7097,3000,994,30,716,100,2680,1,1920,50,2621,1,2364,20,0,0,0,0,4429,1
1833,KASA,Kasa,Kasa,85,80375,0,49000,38000,2,3030,3500,23,70,1,110,31,250,140,30,10,12,2,0,63,0x37B5,150,800,600,288,0,0,0,0,0,0,0,0,7097,3000,7122,2500,994,30,2680,1,2344,10,1730,10,1626,10,0,0,0,0,4431,1
1837,IMP,Imp,Fire Imp,76,46430,0,25200,11077,1,1059,1509,27,50,1,76,30,180,99,10,10,12,0,6,63,0x3395,150,824,432,360,0,0,0,0,0,0,0,0,7122,3000,13303,3,7098,2500,1376,10,1972,25,0,0,0,0,0,0,0,0,4433,1
1838,KNOCKER,Knocker,Knocker,50,7755,0,2202,4023,1,889,990,28,50,1,44,50,62,65,60,10,12,0,6,22,0x191,200,1548,384,288,0,0,0,0,0,0,0,0,997,30,1003,150,1040,5500,2286,1,2208,10,2124,3,1732,5,0,0,0,0,4434,1
1839,BYORGUE,Byorgue,Byorgue,86,38133,0,19000,9500,2,1340,2590,20,13,1,80,12,30,70,10,14,16,1,7,20,0x37B5,170,800,600,360,0,0,0,0,0,0,0,0,1270,50,5096,3,1232,20,12087,500,603,40,2530,1,7110,4365,0,0,0,0,4426,1
1846,DREAMMETAL,Dream Metal,Dream Metal,1,50,0,0,0,1,7,10,0,5,1,1,1,1,6,30,10,12,1,3,21,0x83,400,1872,672,480,0,0,0,0,0,0,0,0,0,0,0,0,0,0,0,0,0,0,0,0,0,0,0,0,0,0,0,0
1847,EVENT_PORING,Poring,Poring,1,50,0,0,0,1,7,10,0,5,1,1,1,1,6,30,10,12,1,3,21,0x83,400,1872,672,480,0,0,0,0,0,0,0,0,0,0,0,0,0,0,0,0,0,0,0,0,0,0,0,0,0,0,0,0
1848,EVENT_BAPHOMET,Baphomet,Baphomet,1,50,0,0,0,1,7,10,0,5,1,1,1,1,6,30,10,12,1,3,21,0x83,400,1872,672,480,0,0,0,0,0,0,0,0,0,0,0,0,0,0,0,0,0,0,0,0,0,0,0,0,0,0,0,0
1849,EVENT_OSIRIS,Osiris,Osiris,1,50,0,0,0,1,7,10,0,5,1,1,1,1,6,30,10,12,1,3,21,0x83,400,1872,672,480,0,0,0,0,0,0,0,0,0,0,0,0,0,0,0,0,0,0,0,0,0,0,0,0,0,0,0,0
1850,EVENT_ORK_HERO,Orc Hero,Orc Hero,1,50,0,0,0,1,7,10,0,5,1,1,1,1,6,30,10,12,1,3,21,0x83,400,1872,672,480,0,0,0,0,0,0,0,0,0,0,0,0,0,0,0,0,0,0,0,0,0,0,0,0,0,0,0,0
1851,EVENT_MOBSTER,Mobster,Mobster,1,50,0,0,0,1,7,10,0,5,1,1,1,1,6,30,10,12,1,3,21,0x83,400,1872,672,480,0,0,0,0,0,0,0,0,0,0,0,0,0,0,0,0,0,0,0,0,0,0,0,0,0,0,0,0
1854,E_MUKA,Muka,Muka,1,50,0,0,0,1,7,10,0,5,1,1,1,1,6,30,10,12,1,3,21,0x83,400,1872,672,480,0,0,0,0,0,0,0,0,0,0,0,0,0,0,0,0,0,0,0,0,0,0,0,0,0,0,0,0
1855,E_POISON_SPORE_,Poison Spore,Poison Spore,1,50,0,0,0,1,7,10,0,5,1,1,1,1,6,30,10,12,1,3,21,0x83,400,1872,672,480,0,0,0,0,0,0,0,0,0,0,0,0,0,0,0,0,0,0,0,0,0,0,0,0,0,0,0,0
1856,E_MAGNOLIA,Magnolia,Magnolia,1,50,0,0,0,1,7,10,0,5,1,1,1,1,6,30,10,12,1,3,21,0x83,400,1872,672,480,0,0,0,0,0,0,0,0,0,0,0,0,0,0,0,0,0,0,0,0,0,0,0,0,0,0,0,0
1857,E_MARIN_,Marin,Marin,1,50,0,0,0,1,7,10,0,5,1,1,1,1,6,30,10,12,1,3,21,0x83,400,1872,672,480,0,0,0,0,0,0,0,0,0,0,0,0,0,0,0,0,0,0,0,0,0,0,0,0,0,0,0,0
1858,E_PLANKTON,Plankton,Plankton,1,50,0,0,0,1,7,10,0,5,1,1,1,1,6,30,10,12,1,3,21,0x83,400,1872,672,480,0,0,0,0,0,0,0,0,0,0,0,0,0,0,0,0,0,0,0,0,0,0,0,0,0,0,0,0
1859,E_MANDRAGORA_,Mandragora,Mandragora,1,50,0,0,0,1,7,10,0,5,1,1,1,1,6,30,10,12,1,3,21,0x83,400,1872,672,480,0,0,0,0,0,0,0,0,0,0,0,0,0,0,0,0,0,0,0,0,0,0,0,0,0,0,0,0
1860,E_COCO,Coco,Coco,1,50,0,0,0,1,7,10,0,5,1,1,1,1,6,30,10,12,1,3,21,0x83,400,1872,672,480,0,0,0,0,0,0,0,0,0,0,0,0,0,0,0,0,0,0,0,0,0,0,0,0,0,0,0,0
1861,E_CHOCO,Choco,Choco,1,50,0,0,0,1,7,10,0,5,1,1,1,1,6,30,10,12,1,3,21,0x83,400,1872,672,480,0,0,0,0,0,0,0,0,0,0,0,0,0,0,0,0,0,0,0,0,0,0,0,0,0,0,0,0
1862,E_MARTIN,Martin,Martin,1,50,0,0,0,1,7,10,0,5,1,1,1,1,6,30,10,12,1,3,21,0x83,400,1872,672,480,0,0,0,0,0,0,0,0,0,0,0,0,0,0,0,0,0,0,0,0,0,0,0,0,0,0,0,0
1863,E_SPRING_RABBIT,Spring Rabbit,Spring Rabbit,1,50,0,0,0,1,7,10,0,5,1,1,1,1,6,30,10,12,1,3,21,0x83,400,1872,672,480,0,0,0,0,0,0,0,0,0,0,0,0,0,0,0,0,0,0,0,0,0,0,0,0,0,0,0,0
1876,E_LORD_OF_DEATH,Lord of Death,Lord of the Dead,1,50,0,0,0,1,7,10,0,5,1,1,1,1,6,30,10,12,1,3,21,0x83,400,1872,672,480,0,0,0,0,0,0,0,0,0,0,0,0,0,0,0,0,0,0,0,0,0,0,0,0,0,0,0,0
1878,E_SHINING_PLANT,Shining Plant,Shining Plant,1,50,0,0,0,1,7,10,0,5,1,1,1,1,6,30,10,12,1,3,21,0x83,400,1872,672,480,0,0,0,0,0,0,0,0,0,0,0,0,0,0,0,0,0,0,0,0,0,0,0,0,0,0,0,0
//Moscovia monsters
1880,WOOD_GOBLIN,Wood Goblin,Leshij,42,6982,0,2201,1552,1,600,20,32,3,1,5,45,45,55,155,10,12,1,3,62,0x81,320,2304,360,840,0,0,0,0,0,0,0,0,509,1000,7203,4000,7201,2000,907,2000,916,500,7032,500,574,50,0,0,0,0,0,0
1881,LES,Mavka,Mavka,39,3080,0,1521,912,1,102,11,0,17,1,33,12,32,52,38,10,12,1,3,82,0x81,230,1728,720,576,0,0,0,0,0,0,0,0,7100,2000,511,1000,711,1000,905,2500,2270,1,521,500,510,50,0,0,0,0,0,0
1882,VAVAYAGA,Babayaga,Baba-Yaga,49,7444,0,2583,2583,2,255,132,4,29,1,76,24,88,55,18,10,12,1,7,21,0x3295,270,1536,600,420,0,0,0,0,0,0,0,0,7099,1000,7762,5000,525,100,7226,150,539,1500,519,1500,580,1500,0,0,0,0,0,0
1883,UZHAS,Uzdas,Kikimora,61,13707,0,4002,3003,1,293,667,11,34,1,33,19,72,75,77,10,12,1,7,61,0x3295,200,576,672,384,0,0,0,0,0,0,0,0,520,900,678,1,621,100,522,100,918,3500,579,1500,603,3,0,0,0,0,0,0
1884,MAVKA,Lesavka,Lesavka,63,19200,0,8301,6353,7,589,34,32,19,1,42,55,35,89,177,10,12,1,3,62,0x3295,170,1536,504,360,0,0,0,0,0,0,0,0,703,100,629,300,707,300,710,50,747,1500,748,300,510,3000,0,0,0,0,0,0
1885,GOPINICH,Gorynych,Zmey Gorynych,85,299321,0,45250,16445,3,1868,4256,20,42,50,65,55,103,152,35,10,12,2,2,62,0x37B5,150,1536,864,432,45250,5000,607,5500,617,5000,617,5000,617,4000,2621,200,12080,1000,985,3000,1417,5,7444,5000,5007,1,0,0,0,0,0,0
1886,G_MAVKA,Lesavka,Lesavka,63,19200,0,0,0,7,589,34,32,19,1,42,55,35,89,177,10,12,1,3,62,0x3295,170,1536,504,360,0,0,0,0,0,0,0,0,0,0,0,0,0,0,0,0,0,0,0,0,0,0,0,0,0,0,0,01887,FREEZER_R,Freezer,Freezer,1,50,0,0,0,1,7,10,0,5,1,1,1,1,6,30,10,12,1,3,21,0x83,400,1872,672,480,0,0,0,0,0,0,0,0,0,0,0,0,0,0,0,0,0,0,0,0,0,0,0,0,0,0,0,0
1888,GARM_BABY_R,Garm Baby,Garm Baby,1,50,0,0,0,1,7,10,0,5,1,1,1,1,6,30,10,12,1,3,21,0x83,400,1872,672,480,0,0,0,0,0,0,0,0,0,0,0,0,0,0,0,0,0,0,0,0,0,0,0,0,0,0,0,0
1889,GARM_R,Garm,Garm,1,50,0,0,0,1,7,10,0,5,1,1,1,1,6,30,10,12,1,3,21,0x83,400,1872,672,480,0,0,0,0,0,0,0,0,0,0,0,0,0,0,0,0,0,0,0,0,0,0,0,0,0,0,0,0
1890,GOPINICH_R,Gopinich,Gopinich,1,50,0,0,0,1,7,10,0,5,1,1,1,1,6,30,10,12,1,3,21,0x83,400,1872,672,480,0,0,0,0,0,0,0,0,0,0,0,0,0,0,0,0,0,0,0,0,0,0,0,0,0,0,0,0
1893,G_KNIGHT_OF_ABYSS,Knight of the Abyss,Abysmal Knight,1,50,0,0,0,1,7,10,0,5,1,1,1,1,6,30,10,12,1,3,21,0x83,400,1872,672,480,0,0,0,0,0,0,0,0,0,0,0,0,0,0,0,0,0,0,0,0,0,0,0,0,0,0,0,0
1895,EVENT_SEYREN,Seyren,Seyren Windsor,1,50,0,0,0,1,7,10,0,5,1,1,1,1,6,30,10,12,1,3,21,0x83,400,1872,672,480,0,0,0,0,0,0,0,0,0,0,0,0,0,0,0,0,0,0,0,0,0,0,0,0,0,0,0,0
1896,EVENT_KATRINN,Katrinn,Kathryne Keyron,1,50,0,0,0,1,7,10,0,5,1,1,1,1,6,30,10,12,1,3,21,0x83,400,1872,672,480,0,0,0,0,0,0,0,0,0,0,0,0,0,0,0,0,0,0,0,0,0,0,0,0,0,0,0,0
1897,EVENT_BAPHOMET_,Baphomet,Baphomet,1,50,0,0,0,1,7,10,0,5,1,1,1,1,6,30,10,12,1,3,21,0x83,400,1872,672,480,0,0,0,0,0,0,0,0,0,0,0,0,0,0,0,0,0,0,0,0,0,0,0,0,0,0,0,0
1898,G_ZOMBIE,Zombie,Zombie,1,50,0,0,0,1,7,10,0,5,1,1,1,1,6,30,10,12,1,3,21,0x83,400,1872,672,480,0,0,0,0,0,0,0,0,0,0,0,0,0,0,0,0,0,0,0,0,0,0,0,0,0,0,0,0
1899,SWIRD_GUARDIAN_,Knight Guardian,Knight Guardian,1,50,0,0,0,1,7,10,0,5,1,1,1,1,6,30,10,12,1,3,21,0x20A5,400,1872,672,480,0,0,0,0,0,0,0,0,0,0,0,0,0,0,0,0,0,0,0,0,0,0,0,0,0,0,0,0
1900,BOW_GUARDIAN_,Archer Guardian,Archer Guardian,1,50,0,0,0,1,7,10,0,5,1,1,1,1,6,30,10,12,1,3,21,0x20A5,400,1872,672,480,0,0,0,0,0,0,0,0,0,0,0,0,0,0,0,0,0,0,0,0,0,0,0,0,0,0,0,0
1901,E_CONDOR,Condor,Condor,1,50,0,0,0,1,7,10,0,5,1,1,1,1,6,30,10,12,1,3,21,0x83,400,1872,672,480,0,0,0,0,0,0,0,0,0,0,0,0,0,0,0,0,0,0,0,0,0,0,0,0,0,0,0,0
1902,E_TREASURE_BOX1,Treasure Box,Treasure Box,1,50,0,0,0,1,7,10,0,5,1,1,1,1,6,30,10,12,1,3,21,0x120,400,1872,672,480,0,0,0,0,0,0,0,0,0,0,0,0,0,0,0,0,0,0,0,0,0,0,0,0,0,0,0,0
1903,E_TREASURE_BOX2,Treasure Box,Treasure Box,1,50,0,0,0,1,7,10,0,5,1,1,1,1,6,30,10,12,1,3,21,0x120,400,1872,672,480,0,0,0,0,0,0,0,0,0,0,0,0,0,0,0,0,0,0,0,0,0,0,0,0,0,0,0,0
// WoE Second Edition
1905,BARRICADE,Barricade,Barricade,98,120000,0,0,0,1,0,0,0,0,1,17,1,80,126,20,10,12,2,0,20,0x120,300,1288,288,384,0,0,0,0,0,0,0,0,0,0,0,0,0,0,0,0,0,0,0,0,0,0,0,0,0,0,0,0
1906,BARRICADE_,Barricade,Barricade,98,150,0,0,0,1,0,0,100,99,1,17,1,80,126,20,10,12,2,0,20,0x120,300,1288,288,384,0,0,0,0,0,0,0,0,0,0,0,0,0,0,0,0,0,0,0,0,0,0,0,0,0,0,0,0
1907,S_EMPEL_1,Guardian Stone,Guardian Stone,90,120000,0,0,0,0,1,1,40,50,1,1,1,1,1,1,0,0,0,0,20,0x120,300,1288,288,384,0,0,0,0,0,0,0,0,0,0,0,0,0,0,0,0,0,0,0,0,0,0,0,0,0,0,0,0
1908,S_EMPEL_2,Guardian Stone,Guardian Stone,90,120000,0,0,0,0,1,1,40,50,1,1,1,1,1,1,0,0,0,0,20,0x120,300,1288,288,384,0,0,0,0,0,0,0,0,0,0,0,0,0,0,0,0,0,0,0,0,0,0,0,0,0,0,0,0
1914,OBJ_A2,Flag,Flag,1,50,0,0,0,1,7,10,0,5,1,1,1,1,6,30,10,12,1,3,21,0x120,400,1872,672,480,0,0,0,0,0,0,0,0,0,0,0,0,0,0,0,0,0,0,0,0,0,0,0,0,0,0,0,0
1915,OBJ_B2,Flag,Flag,1,50,0,0,0,1,7,10,0,5,1,1,1,1,6,30,10,12,1,3,21,0x120,400,1872,672,480,0,0,0,0,0,0,0,0,0,0,0,0,0,0,0,0,0,0,0,0,0,0,0,0,0,0,0,0
// Satan Morroc
1916,MOROCC,Satan Morroc,Satan Morroc,99,60000000,0,0,0,1,7,10,29,65,1,1,1,1,6,30,10,12,2,6,87,0x37B5,400,1872,672,480,0,0,0,0,0,0,0,0,0,0,0,0,0,0,0,0,0,0,0,0,0,0,0,0,0,0,0,0
1917,MOROCC_,Satan Morroc,Satan Morroc,99,60000000,0,0,0,1,7,10,29,65,1,1,1,1,6,30,10,12,2,6,87,0x37B5,400,1872,672,480,0,0,0,0,0,0,0,0,0,0,0,0,0,0,0,0,0,0,0,0,0,0,0,0,0,0,0,0
1918,MOROCC_1,Morroc's Shadow,Morroc's Shadow,97,190000,0,0,0,1,7,10,20,37,1,1,1,1,6,30,10,12,2,8,26,0x37B5,400,1872,672,480,0,0,0,0,0,0,0,0,0,0,0,0,0,0,0,0,0,0,0,0,0,0,0,0,0,0,0,0
1919,MOROCC_2,Morroc's Shadow,Morroc's Shadow,97,190000,0,0,0,1,7,10,20,5,1,1,1,1,6,30,10,12,1,6,67,0x37B5,400,1872,672,480,0,0,0,0,0,0,0,0,0,0,0,0,0,0,0,0,0,0,0,0,0,0,0,0,0,0,0,0
1920,MOROCC_3,Morroc's Shadow,Morroc's Shadow,96,143000,0,0,0,1,7,10,15,30,1,1,1,1,6,30,10,12,1,6,69,0x37B5,400,1872,672,480,0,0,0,0,0,0,0,0,0,0,0,0,0,0,0,0,0,0,0,0,0,0,0,0,0,0,0,0
1921,MOROCC_4,Morroc's Shadow,Morroc's Shadow,98,150000,0,0,0,1,7,10,18,54,1,1,1,1,6,30,10,12,1,6,68,0x37B5,400,1872,672,480,0,0,0,0,0,0,0,0,0,0,0,0,0,0,0,0,0,0,0,0,0,0,0,0,0,0,0,0
1922,G_MOROCC_1,Morroc's Shadow,Morroc's Shadow,97,190000,0,0,0,1,7,10,20,37,1,1,1,1,6,30,10,12,2,8,26,0x37B5,400,1872,672,480,0,0,0,0,0,0,0,0,0,0,0,0,0,0,0,0,0,0,0,0,0,0,0,0,0,0,0,0
1923,G_MOROCC_2,Morroc's Shadow,Morroc's Shadow,97,190000,0,0,0,1,7,10,20,5,1,1,1,1,6,30,10,12,1,6,67,0x37B5,400,1872,672,480,0,0,0,0,0,0,0,0,0,0,0,0,0,0,0,0,0,0,0,0,0,0,0,0,0,0,0,0
1924,G_MOROCC_3,Morroc's Shadow,Morroc's Shadow,96,143000,0,0,0,1,7,10,15,30,1,1,1,1,6,30,10,12,1,6,69,0x37B5,400,1872,672,480,0,0,0,0,0,0,0,0,0,0,0,0,0,0,0,0,0,0,0,0,0,0,0,0,0,0,0,0
1925,G_MOROCC_4,Morroc's Shadow,Morroc's Shadow,98,150000,0,0,0,1,7,10,18,54,1,1,1,1,6,30,10,12,1,6,68,0x37B5,400,1872,672,480,0,0,0,0,0,0,0,0,0,0,0,0,0,0,0,0,0,0,0,0,0,0,0,0,0,0,0,0
// Most of what's below here is just place-holder data. Nothing concrete yet.
1926,JAKK_H,Jakk,Jakk,38,300,0,0,0,1,5,5,5,30,1,38,38,43,75,45,10,12,1,0,43,0x3695,200,1180,648,480,0,0,0,0,0,0,0,0,0,0,0,0,0,0,0,0,0,0,0,0,0,0,0,0,0,0,0,0
1927,WHISPER_H,Whisper,Whisper,34,100,0,0,0,1,5,5,0,45,1,51,14,0,60,0,10,12,0,6,68,0x3195,150,1960,504,960,0,0,0,0,0,0,0,0,0,0,0,0,0,0,0,0,0,0,0,0,0,0,0,0,0,0,0,0
1928,DEVIRUCHI_H,Deviruchi,Deviruchi,46,500,0,0,0,1,5,5,10,25,1,69,40,55,70,30,10,12,0,6,27,0x3795,150,980,384,600,0,0,0,0,0,0,0,0,0,0,0,0,0,0,0,0,0,0,0,0,0,0,0,0,0,0,0,0
1929,I_BAPHOMET,Baphomet,Baphomet,1,50,0,0,0,1,7,10,0,5,1,1,1,1,6,30,10,12,1,3,21,0x83,400,1872,672,480,0,0,0,0,0,0,0,0,0,0,0,0,0,0,0,0,0,0,0,0,0,0,0,0,0,0,0,0
1930,PIAMETTE,Piamette,Piamette,90,300000,0,0,0,1,7,10,35,35,1,1,1,1,6,30,10,12,0,7,20,0x37B5,150,1872,672,480,0,0,0,0,0,0,0,0,0,0,0,0,0,0,0,0,0,0,0,0,0,0,0,0,0,0,0,0
1931,WISH_MAIDEN,Wish Maiden,Wish Maiden,98,3500000,0,0,0,1,7,10,25,42,1,1,1,1,6,30,10,12,2,8,28,0x37B5,150,1872,672,480,0,0,0,0,0,0,0,0,0,0,0,0,0,0,0,0,0,0,0,0,0,0,0,0,0,0,0,0
1932,GARDEN_KEEPER,Garden Keeper,Garden Keeper,1,200,0,0,0,1,7,10,100,99,1,1,1,1,6,30,10,12,1,3,22,0xC1,512,1872,512,480,0,0,0,0,0,0,0,0,0,0,0,0,0,0,0,0,0,0,0,0,0,0,0,0,0,0,0,0
1933,GARDEN_WATCHER,Garden Watcher,Garden Watcher,1,10000,0,0,0,1,7,10,0,5,1,1,1,1,6,30,10,12,1,3,26,0x37B5,512,1872,512,480,0,0,0,0,0,0,0,0,0,0,0,0,0,0,0,0,0,0,0,0,0,0,0,0,0,0,0,0
1934,BLUE_FLOWER,Blue Flower,Blue Flower,1,10000,0,0,0,1,7,10,100,99,1,1,1,1,6,30,10,12,1,3,22,0x40,400,1872,672,480,0,0,0,0,0,0,0,0,0,0,0,0,0,0,0,0,0,0,0,0,0,0,0,0,0,0,0,0
1935,RED_FLOWER,Red Flower,Red Flower,1,10000,0,0,0,1,7,10,100,99,1,1,1,1,6,30,10,12,1,3,22,0x40,400,1872,672,480,0,0,0,0,0,0,0,0,0,0,0,0,0,0,0,0,0,0,0,0,0,0,0,0,0,0,0,0
1936,YELL_FLOWER,Yellow Flower,Yellow Flower,1,10000,0,0,0,1,7,10,100,99,1,1,1,1,6,30,10,12,1,3,22,0x40,400,1872,672,480,0,0,0,0,0,0,0,0,0,0,0,0,0,0,0,0,0,0,0,0,0,0,0,0,0,0,0,0
1937,G_CONSTANT_,Constant,Constant,55,10000,0,3230,116,1,460,580,12,12,50,28,26,47,66,14,10,12,0,0,67,0x3885,150,720,360,360,0,0,0,0,0,0,0,0,7512,100,7507,1500,7325,10,999,10,757,10,0,0,0,0,0,0,0,0,0,0
1938,TREASURE_BOX41,Treasure Chest,Treasure Chest,99,0,0,0,0,0,0,0,0,0,0,0,0,0,255,0,0,0,0,0,20,0x120,0,0,0,0,0,0,0,0,0,0,0,0,732,7760,608,3000,607,2500,2504,800,2404,800,2315,800,2104,800,616,1000,0,0,0,0
1939,TREASURE_BOX42,Treasure Chest,Treasure Chest,99,0,0,0,0,0,0,0,0,0,0,0,0,0,255,0,0,0,0,0,20,0x120,0,0,0,0,0,0,0,0,0,0,0,0,732,7760,608,3000,607,2500,2504,800,2404,800,2315,800,2104,800,616,1000,0,0,0,0
1940,TREASURE_BOX43,Treasure Chest,Treasure Chest,99,0,0,0,0,0,0,0,0,0,0,0,0,0,255,0,0,0,0,0,20,0x120,0,0,0,0,0,0,0,0,0,0,0,0,732,7760,608,3000,607,2500,2504,800,2404,800,2315,800,2104,800,616,1000,0,0,0,0
1941,TREASURE_BOX44,Treasure Chest,Treasure Chest,99,0,0,0,0,0,0,0,0,0,0,0,0,0,255,0,0,0,0,0,20,0x120,0,0,0,0,0,0,0,0,0,0,0,0,732,7760,608,3000,607,2500,2504,800,2404,800,2315,800,2104,800,616,1000,0,0,0,0
1942,TREASURE_BOX45,Treasure Chest,Treasure Chest,99,0,0,0,0,0,0,0,0,0,0,0,0,0,255,0,0,0,0,0,20,0x120,0,0,0,0,0,0,0,0,0,0,0,0,732,7760,608,3000,607,2500,2504,800,2404,800,2315,800,2104,800,616,1000,0,0,0,0
1943,TREASURE_BOX46,Treasure Chest,Treasure Chest,99,0,0,0,0,0,0,0,0,0,0,0,0,0,255,0,0,0,0,0,20,0x120,0,0,0,0,0,0,0,0,0,0,0,0,732,7760,608,3000,607,2500,2504,800,2404,800,2315,800,2104,800,616,1000,0,0,0,0
1944,TREASURE_BOX47,Treasure Chest,Treasure Chest,99,0,0,0,0,0,0,0,0,0,0,0,0,0,255,0,0,0,0,0,20,0x120,0,0,0,0,0,0,0,0,0,0,0,0,732,7760,608,3000,607,2500,2504,800,2404,800,2315,800,2104,800,616,1000,0,0,0,0
1945,TREASURE_BOX48,Treasure Chest,Treasure Chest,99,0,0,0,0,0,0,0,0,0,0,0,0,0,255,0,0,0,0,0,20,0x120,0,0,0,0,0,0,0,0,0,0,0,0,732,7760,608,3000,607,2500,2504,800,2404,800,2315,800,2104,800,616,1000,0,0,0,0
1946,TREASURE_BOX49,Treasure Chest,Treasure Chest,99,0,0,0,0,0,0,0,0,0,0,0,0,0,255,0,0,0,0,0,20,0x120,0,0,0,0,0,0,0,0,0,0,0,0,732,7760,608,3000,607,2500,2504,800,2404,800,2315,800,2104,800,616,1000,0,0,0,0
1947,G_PIAMETTE,Piamette,Piamette,90,300000,0,0,0,1,7,10,35,35,1,1,1,1,6,30,10,12,0,7,20,0x37B5,150,1872,672,480,0,0,0,0,0,0,0,0,0,0,0,0,0,0,0,0,0,0,0,0,0,0,0,0,0,0,0,0
1949,G_SWORD_GUARDIAN_,Sword Guardian,Sword Wardian,1,50,0,0,0,1,7,10,0,5,1,1,1,1,6,30,10,12,1,3,21,0x83,400,1872,672,480,0,0,0,0,0,0,0,0,0,0,0,0,0,0,0,0,0,0,0,0,0,0,0,0,0,0,0,0
1950,G_ARCHER_GUARDIAN_,Archer Guardian,Archer Guardian,1,50,0,0,0,1,7,10,0,5,1,1,1,1,6,30,10,12,1,3,21,0x83,400,1872,672,480,0,0,0,0,0,0,0,0,0,0,0,0,0,0,0,0,0,0,0,0,0,0,0,0,0,0,0,0
1951,G_CRYSTAL_1,Crystal,Crystal,1,50,0,0,0,1,7,10,0,5,1,1,1,1,6,30,10,12,1,3,21,0x83,400,1872,672,480,0,0,0,0,0,0,0,0,0,0,0,0,0,0,0,0,0,0,0,0,0,0,0,0,0,0,0,0
1952,G_CRYSTAL_2,Crystal,Crystal,1,50,0,0,0,1,7,10,0,5,1,1,1,1,6,30,10,12,1,3,21,0x83,400,1872,672,480,0,0,0,0,0,0,0,0,0,0,0,0,0,0,0,0,0,0,0,0,0,0,0,0,0,0,0,0
1953,G_CRYSTAL_3,Crystal,Crystal,1,50,0,0,0,1,7,10,0,5,1,1,1,1,6,30,10,12,1,3,21,0x83,400,1872,672,480,0,0,0,0,0,0,0,0,0,0,0,0,0,0,0,0,0,0,0,0,0,0,0,0,0,0,0,0
1954,G_CRYSTAL_4,Crystal,Crystal,1,50,0,0,0,1,7,10,0,5,1,1,1,1,6,30,10,12,1,3,21,0x83,400,1872,672,480,0,0,0,0,0,0,0,0,0,0,0,0,0,0,0,0,0,0,0,0,0,0,0,0,0,0,0,0
1955,TREASURE_BOX50,Treasure Box,Treasure Box,1,50,0,0,0,1,7,10,0,5,1,1,1,1,6,30,10,12,1,3,21,0x83,400,1872,672,480,0,0,0,0,0,0,0,0,0,0,0,0,0,0,0,0,0,0,0,0,0,0,0,0,0,0,0,0
// Endless Tower
1956,NAGHT_SIEGER,Naght Seiger,Naght Seiger,1,50,0,0,0,1,7,10,0,5,1,1,1,1,6,30,10,12,1,3,21,0x83,400,1872,672,480,0,0,0,0,0,0,0,0,0,0,0,0,0,0,0,0,0,0,0,0,0,0,0,0,0,0,0,0
1957,ENTWEIHEN,Entweihen,Entweihen,1,50,0,0,0,1,7,10,0,5,1,1,1,1,6,30,10,12,1,3,21,0x83,400,1872,672,480,0,0,0,0,0,0,0,0,0,0,0,0,0,0,0,0,0,0,0,0,0,0,0,0,0,0,0,0
1958,G_ENTWEIHEN_1,Entweihen Ghost,Entweihen Ghost,1,50,0,0,0,1,7,10,0,5,1,1,1,1,6,30,10,12,1,3,21,0x83,400,1872,672,480,0,0,0,0,0,0,0,0,0,0,0,0,0,0,0,0,0,0,0,0,0,0,0,0,0,0,0,0
1959,G_ENTWEIHEN_2,Entweihen Ghost,Entweihen Ghost,1,50,0,0,0,1,7,10,0,5,1,1,1,1,6,30,10,12,1,3,21,0x83,400,1872,672,480,0,0,0,0,0,0,0,0,0,0,0,0,0,0,0,0,0,0,0,0,0,0,0,0,0,0,0,0
1960,G_ENTWEIHEN_3,Entweihen Ghost,Entweihen Ghost,1,50,0,0,0,1,7,10,0,5,1,1,1,1,6,30,10,12,1,3,21,0x83,400,1872,672,480,0,0,0,0,0,0,0,0,0,0,0,0,0,0,0,0,0,0,0,0,0,0,0,0,0,0,0,0
1961,G_ENTWEIHEN_4,Entweihen Ghost,Entweihen Ghost,1,50,0,0,0,1,7,10,0,5,1,1,1,1,6,30,10,12,1,3,21,0x83,400,1872,672,480,0,0,0,0,0,0,0,0,0,0,0,0,0,0,0,0,0,0,0,0,0,0,0,0,0,0,0,0
1962,G_ANTONIO,Antoni,Antonio,1,50,0,0,0,1,7,10,0,5,1,1,1,1,6,30,10,12,1,3,21,0x83,400,1872,672,480,0,0,0,0,0,0,0,0,0,0,0,0,0,0,0,0,0,0,0,0,0,0,0,0,0,0,0,0